1	1	5	8	0	0	1,1,1,1,1,0		
1	84	5	0	0	0	1,1,1,1,1,0		
0	1	5	8	0	0	1,1,1,1,1,0		
0		3	0	0	0	1,1,1,0,1,1		
1	85	3	0	110	0	1,1,0,1,1,1		
0	85	3	0	0	0	1,1,0,1,1,1		
1	85	3	0	0	0	1,1,0,1,1,1		
0	84	5	1	0	0	1,1,1,1,1,0		
0	8	5	47	0	0	1,1,1,1,1,0		
1	8	5	47	0	0	1,1,1,1,1,0		
0	48	5	26	0	0	1,1,1,1,1,0		
1	48	5	26	0	0	1,1,1,1,1,0		
0	8	5	47	0	0	1,1,1,1,1,0		
1	81	4	1	420	0	1,1,1,1,0,1		
0	74	5	3	0	0	0,0,0,0,0,0		
1	74	5	3	0	0	0,0,0,0,0,0		
1	87	0	1	0	0	0,1,1,1,1,0		
0	86	0	0	0	0	0,1,1,1,1,0		
1	86	0	0	0	0	0,1,1,1,1,0		
0	87	5	5	0	0	0,1,1,1,0,1		
0	7	5	2	0	0	0,1,1,1,0,0		
0	55	5	3	0	0	0,1,1,1,0,0		
0	57	5	5	0	0	0,1,1,1,0,0		
0	81	4	1	0	0	1,1,1,1,0,1		
0	88	5	0	0	0	1,1,1,1,1,0		
1	88	5	0	0	0	1,1,1,1,1,0		
1	58	4	0	0	0	1,1,1,1,0,1		
0	58	4	0	0	0	1,1,1,1,0,1		
1	89	4	1	6	0	1,1,1,1,0,1		
0	89	4	2	0	0	1,1,1,1,0,1		hydrate
1	89	4	2	250	0	1,1,1,1,0,1		hydrate
0	90	4	0	0	0	1,1,1,1,0,1		
1	90	4	0	1485	0	1,1,1,1,0,1		
